64
96 29 85 -32 59 39 22 81 -21 -23 38 34 67 83 -30 31 -27 17 -70 -40 -13 -11 -26 5 -85 16 -94 68 80 4 24 5 -3 -6 90 40 1 54 96 77 -63 -51 -48 21 44 67 39 4 -71 -49 45 -19 48 -40 -1 -19 -23 24 50 88 25 81 -84 31
79 35 79 84 -21 90 97 3 -37 -3 70 -77 44 -35 98 25 -71 99 -61 -37 -65 36 22 -69 11 -12 4 76 -67 13 -34 42 -90 91 58 63 96 13 25 -67 10 26 -95 29 15 72 77 48 29 -26 35 29 -86 22 71 -99 -83 -32 -55 -83 -89 -71 -66 35
51 74 90 18 -76 78 -83 -38 46 -96 77 57 -29 -6 0 -39 -75 -38 -30 57 20 -12 79 63 64 -58 24 -42 37 6 46 -1 -33 -24 28 -60 -82 -8 -10 -75 -21 78 63 -67 20 29 -61 19 88 57 -43 -24 90 -40 45 61 36 47 -58 8 14 71 -32 -24
-21 39 97 77 73 38 30 -29 16 55 -8 17 32 -2 10 -71 -59 51 -7 97 56 67 49 3 23 89 -33 -2 65 61 32 -29 70 -36 -71 -94 39 41 28 -16 88 -77 88 -17 -30 -71 33 -15 90 -32 -85 -85 75 -65 -83 -82 61 86 4 79 82 -72 -81 -88
-61 -25 45 -55 79 -13 73 57 -87 -70 -32 -53 55 -14 27 50 3 -42 -90 -60 -81 -70 -65 42 -72 70 -81 -24 24 -7 -24 58 -94 -72 -16 22 81 93 88 11 -87 -93 -12 46 -3 52 -35 -6 -57 30 69 -5 10 50 12 -26 85 -61 -94 -6 -32 -44 1 60
69 81 95 -11 22 -72 22 -32 -16 -56 36 65 64 -42 -25 -24 -59 39 1 -47 -96 73 96 69 67 -44 -91 68 7 -48 65 70 -96 99 -38 88 75 -25 88 -22 -87 -86 -21 -85 9 -33 -9 -18 34 -74 88 -72 32 -53 36 83 -74 99 92 68 -5 56 -8 -100
-74 -79 89 -34 -29 60 52 81 42 50 -40 -36 41 -95 57 4 -60 8 -8 -81 80 38 -98 76 -73 61 -40 -47 -49 40 83 34 -10 72 34 -55 12 11 -26 40 -10 -33 -62 13 49 -57 77 79 -11 -90 13 97 31 19 -61 -46 85 -98 -71 -27 -95 -21 94 84
45 26 -5 -70 -68 -17 -6 -94 18 -56 91 -76 78 25 15 -27 -97 -45 99 -55 46 20 -7 68 -41 -55 -52 -76 -5 -91 62 -98 -58 17 35 -17 6 26 -26 40 46 40 56 -100 48 -46 -49 -85 25 5 -95 56 5 14 -35 61 97 -67 -32 47 19 -68 -16 -61
89 -96 -27 -66 13 -97 -14 -10 -79 75 27 13 -67 -79 -20 -20 1 -56 96 -34 88 71 -67 -36 -74 20 62 -13 32 -28 -58 54 -48 82 -87 49 46 -41 54 10 -65 57 -100 -20 -19 85 -35 -74 -92 18 -91 47 17 42 -89 -54 95 32 -4 -6 -6 -16 79 -24
13 45 28 -57 -26 41 -63 32 -9 50 68 -4 -11 8 -65 79 35 23 -39 50 -63 -91 67 -93 65 -43 52 -25 70 6 26 9 -26 -2 -9 -50 -47 64 -25 86 23 -94 66 7 27 -65 -55 62 -88 -59 -95 94 -46 -21 -16 -72 -43 -97 94 -1 -23 72 -18 -5
14 -76 63 -65 -14 34 -25 -22 59 37 70 42 10 -75 -33 -11 -12 29 -60 -92 -79 -77 -23 -31 39 93 92 49 -16 -39 36 -75 88 89 20 -39 -64 -84 -50 6 -58 41 37 -10 -77 31 51 90 -32 -43 -34 -80 76 77 55 10 71 -83 93 26 -39 9 -53 -8
89 13 -59 6 -14 -51 -90 -65 98 -24 -95 28 94 -65 -78 2 -17 -5 -2 -2 -75 -21 -63 56 96 34 36 3 75 -36 -31 -90 50 75 36 -70 -50 20 99 21 -50 88 36 -99 -81 27 34 -98 27 50 15 44 -20 -31 -83 -21 84 -80 30 -71 -57 91 -71 64
-5 -18 -65 85 34 80 86 77 -14 -17 -86 48 33 -65 68 90 37 -44 78 32 -55 26 -26 17 25 67 69 -23 27 -72 -47 -73 52 78 17 -13 49 16 -95 0 80 53 87 -19 -64 -88 89 24 17 8 80 97 -48 72 -59 -79 66 38 6 -43 82 97 44 -85
-1 -90 -9 28 70 -35 41 -55 56 -46 -35 -85 65 60 -56 7 22 -47 -41 80 47 -96 -83 -51 -90 -39 -31 -42 58 -46 -94 99 77 34 -63 46 -53 86 73 -62 -95 -73 66 45 -79 19 -86 -83 -10 29 -49 -82 -75 -2 -68 -80 57 84 38 60 48 -98 24 -36
39 86 -21 -64 68 -19 -41 -40 55 -24 -91 72 37 91 18 -3 18 46 -95 82 -81 -53 61 -98 91 -25 -40 85 84 -57 -12 18 57 90 27 -82 -31 -41 -19 58 88 92 -38 -13 6 28 -36 87 91 -70 35 69 33 -42 -14 -32 31 -34 -79 -3 -12 83 73 52
77 21 -49 52 -5 -41 -71 -74 -97 -70 36 95 -46 60 -52 -95 67 -90 -70 -55 31 -6 15 -14 -86 64 -31 -40 69 -5 61 49 25 18 25 7 11 -83 -57 -78 -61 -69 -69 93 62 -24 -91 -11 -97 -48 14 -65 -29 -32 -57 71 48 90 79 38 74 -80 -76 -56
59 49 -2 73 -35 -14 1 -61 42 99 -69 0 -61 57 31 75 -65 51 50 60 -9 -11 -33 78 93 88 82 -49 -16 23 -57 35 77 19 37 27 95 4 58 -68 -23 27 -49 -63 52 57 91 -64 10 -34 -99 34 -53 55 48 -46 12 -32 26 76 64 6 93 40
68 -63 -96 53 -4 12 40 87 0 -29 -70 -48 -10 36 65 64 64 8 -62 -1 98 -6 -68 -72 61 13 2 -99 -39 -45 64 8 -78 -74 -8 -98 -75 28 74 44 76 -24 81 98 -5 36 -23 3 -48 78 95 -79 42 64 5 -33 28 24 16 -71 56 53 -60 78
81 88 6 -88 -33 57 -14 -35 -57 51 -20 -35 -67 20 3 -60 -71 -45 -18 27 -98 -9 15 66 -69 -78 -97 30 55 -63 -75 89 44 15 98 72 43 -29 36 64 31 -8 -84 56 -83 48 19 -66 -21 36 38 97 -37 66 32 -4 -45 0 -94 46 46 -100 -80 41
-75 -49 47 -61 -27 17 -92 -27 31 60 87 16 -18 -89 8 -1 -5 -82 -58 6 -43 89 63 -96 49 20 88 44 -8 -51 -49 1 55 9 96 4 -14 -7 -51 -34 -91 -92 43 -92 7 11 -93 46 9 40 71 -88 1 -40 -82 -41 -34 -36 9 17 83 -86 43 65
36 25 32 -97 82 67 60 29 -23 -51 -18 -56 91 92 -89 61 73 -31 6 -99 -19 -71 -77 49 -46 37 42 42 -68 0 -51 -31 51 83 -79 92 43 41 32 -14 7 -11 97 64 -25 25 26 -59 -14 -59 92 74 -10 83 83 -75 -99 -87 -51 77 25 0 -73 -56
12 65 88 -47 92 75 -62 69 1 98 -30 -38 -85 35 69 -19 76 43 45 88 10 95 98 4 -73 38 94 20 21 -57 -36 30 -29 74 -46 -31 9 52 -28 -61 7 -65 18 -35 8 -15 -83 6 31 54 9 -49 55 14 27 10 26 -19 -80 11 98 8 57 34
-30 89 -84 -70 85 0 -64 -41 -14 -73 -11 -40 -37 -93 15 -44 -24 -65 67 58 -48 -86 3 77 -43 31 67 -19 -49 76 -64 -61 -50 82 81 9 -58 -41 -17 -82 -68 89 -93 -23 -73 -17 -75 -78 4 -39 -2 85 -22 -17 -6 89 -12 48 -58 61 46 -62 41 -35
-97 -18 49 70 -14 -98 3 -1 37 -99 67 12 -45 -22 -77 29 -42 -86 82 -74 -52 68 20 84 88 -34 -61 34 -87 -49 -47 75 77 83 -52 37 -77 -99 63 4 -94 38 82 -92 -60 -83 60 -28 58 -83 -39 89 -52 72 20 98 -30 -60 -87 35 95 -55 65 -60
35 -91 -89 -91 -83 -51 98 26 33 -63 -23 82 -21 23 56 -2 -20 -76 -54 -66 -75 -5 -41 62 -17 -53 96 -91 -47 -22 -88 -56 -48 -72 16 30 4 27 47 -30 -93 28 -65 -94 2 94 55 -57 -8 57 -22 -39 -80 28 -2 -54 51 40 72 11 -95 -54 -52 46
-21 -87 66 -4 -47 22 46 -74 -13 6 93 -69 45 -65 27 -82 -73 -7 29 -42 -46 99 -93 -35 73 40 -8 58 -67 35 -28 90 40 -46 21 29 -27 -100 65 -10 -80 -39 -14 -29 -30 40 18 37 15 3 -32 -15 -32 64 -71 16 -42 94 49 39 -74 29 4 -38
92 -75 83 -11 81 -78 -4 -64 2 -53 47 24 44 -76 55 10 -35 38 62 19 4 -45 91 -19 -79 72 -1 -38 81 68 12 0 29 -11 27 42 -94 -90 -3 -59 -98 10 -56 57 -41 -97 92 -28 93 69 -59 41 46 68 -24 72 24 16 -74 58 -46 54 90 58
33 -30 -14 -28 -45 -27 77 -47 25 65 -14 32 -95 -74 18 -30 -98 72 -1 -19 -98 -86 -70 30 -29 43 70 37 -47 -95 84 9 -15 -41 82 -49 -77 71 -65 -85 -69 18 -42 -17 97 60 -94 94 -88 68 58 -93 -59 8 -71 -31 -54 94 91 -9 90 64 69 -91
-84 -24 -89 -47 51 34 52 38 3 -56 26 -55 -54 13 -85 68 -59 9 72 64 83 -87 93 75 -91 -68 -7 -57 -17 55 75 5 -89 91 76 18 -56 35 29 -80 -37 -91 75 -66 84 -74 39 78 33 -82 85 -31 30 -62 51 -45 -63 -4 93 57 95 90 64 -4
67 -25 -33 -27 24 -98 -24 -77 42 48 -90 -28 36 -6 -84 62 38 73 44 -52 -45 77 -46 28 16 99 44 86 45 -79 -43 -60 98 -77 -2 -9 48 94 -47 -11 -7 90 98 -30 -54 -44 70 39 44 47 49 -72 37 7 -59 -22 86 -21 -98 77 -55 -46 -88 15
-15 -89 87 14 64 -85 54 -82 -37 -69 65 51 -52 22 21 98 56 -1 70 79 47 -72 51 51 -71 97 48 -73 7 -1 48 -70 88 -89 -10 12 26 -12 -45 85 6 62 41 -67 -8 55 34 32 -76 3 96 -98 -14 60 -12 -3 -85 91 -39 -20 -12 81 25 -17
93 50 84 -96 54 -33 93 16 55 42 56 -47 -84 3 -80 21 -76 45 -50 -27 -30 -12 -62 71 -8 73 33 88 87 91 66 -31 24 29 3 -79 -59 -88 -84 8 -65 24 -15 -49 -29 -19 85 -33 -10 55 -55 -67 -36 50 28 80 -70 -18 45 -92 99 -100 40 -58
93 -19 -86 22 -77 -96 -38 1 35 -70 43 -8 -8 2 40 79 -8 -3 -12 -72 -29 -11 46 78 14 -21 84 59 9 -93 -15 26 10 -16 56 -37 80 -81 6 -98 19 78 -67 -52 26 -45 -55 -92 63 5 -54 99 68 41 0 -84 -17 -95 -84 -77 41 53 83 69
-70 25 -78 6 5 -61 45 -47 1 52 38 -75 1 44 12 29 -16 -29 45 -75 91 80 -65 37 26 -25 5 -99 -41 73 92 -42 66 14 90 94 -88 -71 -60 -42 -44 36 70 -56 53 63 -38 -21 14 -13 -64 13 -28 14 -1 -78 24 -72 -18 -86 14 2 18 -22
-60 42 -92 58 -4 51 -98 -47 -8 -21 -39 64 98 -70 -80 42 -37 26 -3 -63 -78 27 -46 -10 40 34 -30 -44 -56 -64 44 17 86 99 26 89 47 -64 34 -73 62 28 15 -33 56 66 -30 78 -70 83 95 -68 72 75 -60 -56 61 -64 -51 -99 19 32 -93 30
10 34 -22 51 -93 -2 -81 -6 -60 1 96 -19 -75 31 -43 15 77 -37 -9 33 -43 26 93 -34 -3 -46 -19 -49 -56 -29 -77 -52 -9 -32 18 47 -14 11 61 17 27 -92 80 -41 -96 2 -60 -25 63 -82 2 66 52 60 5 -32 -86 36 79 -57 6 59 65 37
-64 -44 0 36 20 -82 -29 79 29 -67 -53 10 -34 -94 88 69 -79 -64 -97 88 -44 -94 43 85 -67 -42 -75 -96 73 -11 91 -94 86 -100 -86 96 84 -90 -91 6 69 56 -74 76 84 -1 40 22 -9 77 92 79 33 -59 -92 25 -31 -29 47 47 39 39 -81 -30
-27 -84 64 -55 50 -62 72 -63 53 -74 94 -40 -98 -100 99 62 94 59 -9 84 94 -66 52 65 -73 -96 30 33 -71 -61 52 -45 21 -62 -93 -99 -98 83 33 -53 91 -9 19 3 62 73 90 57 -30 -98 -89 0 -65 35 -58 97 -60 -85 -3 68 44 -31 59 62
0 -12 -68 -98 95 -22 34 -78 -35 67 53 16 -28 -46 57 93 -49 9 -47 21 -78 26 -23 -73 64 90 -80 59 -41 -80 -100 -26 -61 86 -4 -30 -35 74 -81 74 42 -30 83 54 36 -60 18 -85 95 -93 -27 -74 29 7 46 21 20 91 -2 19 -28 97 -100 -82
69 14 -98 -73 -6 -40 -74 -79 44 -13 -76 47 -77 12 -35 7 -36 33 -17 21 -79 -53 -54 -98 -13 61 73 -85 5 -19 -19 -30 39 -75 39 -41 -82 -67 -70 -95 65 1 -37 80 94 22 -84 -71 53 -25 16 -70 94 75 50 -1 41 -32 -99 -22 -50 -72 -67 20
-37 10 58 39 87 14 -74 64 40 70 57 -85 -28 23 18 -99 73 -45 29 35 59 -76 12 -59 54 13 75 50 69 -69 -52 -23 -69 10 11 -19 80 20 -28 -45 59 46 76 -24 -32 49 97 39 79 -28 61 -33 -23 23 -60 -96 28 72 -8 -8 41 26 -13 31
-44 -24 -71 -33 -36 80 -23 24 -61 56 -99 -26 -43 -49 61 35 48 -16 45 -53 -53 45 7 13 95 2 78 -65 64 -54 16 -35 -11 85 60 -92 5 9 -57 34 35 25 67 -14 -5 72 -48 97 -86 -51 62 -21 -57 -1 -89 -17 -46 -10 54 -15 -1 29 78 -94
-36 99 -54 57 28 -79 49 -71 -86 50 63 -16 99 -18 45 -70 41 -85 51 86 -4 73 0 19 -33 -50 59 -27 -27 -27 20 -53 -90 81 -38 81 33 -99 -6 -39 69 27 70 12 67 60 3 -26 -40 -48 -32 4 36 -72 23 -35 -100 -22 18 63 25 46 72 -7
-96 -42 95 -28 49 -76 -12 62 86 -75 -35 15 -47 -75 78 84 -57 -58 -10 -77 -28 44 -46 95 -85 49 68 1 4 -63 71 84 72 -71 -22 16 51 22 -16 66 62 -87 -41 -84 -10 -83 -37 68 38 21 -23 78 34 -87 55 -33 10 -33 22 21 -79 67 -62 -57
50 -66 -24 4 -82 -94 -24 -24 73 -67 98 -51 -34 26 91 70 -57 59 -21 -12 -46 82 -16 -83 -81 -31 93 -2 -55 -54 9 -6 85 -38 -87 -94 45 34 -68 96 92 -75 6 30 43 79 -9 5 -58 5 -7 -53 6 46 -33 4 45 -31 66 50 52 -27 6 14
-9 15 59 -21 6 -73 -12 -8 -45 -96 82 -8 36 -34 86 46 81 69 -29 -33 88 -3 7 11 59 64 -88 -8 -76 -100 65 52 -48 -77 -35 -65 60 -59 82 -77 -24 87 -59 59 -69 -74 -53 -48 -3 -36 80 -33 64 11 -49 88 -60 80 68 40 97 -66 18 -21
-19 2 -59 -40 -81 86 47 -92 22 61 -84 -23 63 74 -5 61 4 -11 8 14 -56 97 4 54 67 -23 -51 -36 -39 96 -87 -95 22 -29 -9 -24 -47 94 -50 51 22 17 1 -9 -60 -14 50 -83 14 -28 -78 15 -74 89 91 -60 -37 94 -77 90 8 24 -7 31
-96 -87 -2 -42 56 -62 80 -92 -62 19 43 72 -89 -71 -63 -39 -74 55 78 55 75 -9 75 -13 86 51 -69 -44 -72 33 -74 -31 -51 87 -46 -99 -48 -1 -13 -82 -17 -68 -8 -1 97 -58 -67 60 47 -68 77 -7 67 -30 16 94 70 -99 -43 13 -36 20 77 90
23 -7 46 35 -38 90 -27 64 89 -5 -4 84 -41 -32 74 95 -20 -67 -28 95 -31 -2 93 -86 21 -72 -53 -21 -98 20 36 -57 46 81 -13 91 10 -80 31 7 22 50 -55 -48 -75 37 -100 -4 -51 -29 31 -66 78 -48 -41 3 58 98 -19 42 -71 14 -2 -92
-58 -82 -3 13 88 15 32 46 -52 13 65 -32 61 93 65 23 -21 -79 -61 -77 7 -49 -37 14 -98 -41 97 -86 -77 -18 -14 -90 44 -2 42 -67 -37 88 -33 -50 58 3 -33 -84 -2 81 -19 -95 -72 59 59 -90 21 -45 9 -52 -75 -7 -47 -65 9 14 -71 -23
-45 3 -89 -23 -57 56 33 24 25 -88 -58 -70 -99 74 -74 19 -34 -46 -58 19 21 4 76 45 35 13 -43 24 -49 64 -11 48 45 -79 -48 -64 84 -92 -22 34 -70 37 -96 66 98 58 -9 32 -96 2 80 -63 -16 -81 -25 -61 25 15 30 84 6 -44 -62 35
11 5 56 -18 54 29 83 -22 24 -51 -12 -63 -52 -40 84 -21 -25 15 -82 61 47 38 -31 49 -40 78 30 56 19 41 -17 -70 79 -15 87 31 43 -37 8 -91 -52 22 -6 -13 -29 -69 -18 1 64 59 -90 82 42 17 34 28 25 -86 23 20 -25 -95 47 -30
63 -68 -35 -39 -78 35 75 5 1 7 82 20 14 80 33 -72 -13 -61 28 31 84 68 -25 60 10 69 2 -50 -6 -78 90 37 63 -27 4 79 59 21 12 92 54 57 -79 -18 83 51 -95 -86 20 -58 -80 -32 6 58 -9 8 59 -27 58 -83 -18 63 89 -71
28 50 88 33 -25 62 -59 19 -79 3 80 -17 10 55 -9 -76 83 19 -81 -79 48 48 86 10 61 39 1 -58 -71 -46 65 59 -46 -67 -89 -21 60 39 16 75 -26 78 77 -19 -20 -43 60 64 -35 26 96 81 -12 93 -63 -74 88 12 30 -98 58 -22 -40 23
-57 86 53 1 -72 -10 -86 65 12 92 71 -93 -98 0 -43 -31 5 10 -24 38 -68 80 5 35 94 -24 52 76 22 35 -38 4 -94 -24 -82 -28 35 -23 -27 30 -23 60 12 43 37 -9 -44 36 26 -49 89 76 -51 24 -99 -16 53 -6 57 -41 -45 -54 82 34
-81 37 -82 69 -64 4 -19 20 -78 73 33 55 66 -70 -36 -91 -92 -58 -18 -89 -43 15 1 -19 -50 17 -68 -96 -30 -88 -18 -96 28 84 98 -54 -4 -7 17 -84 29 28 96 66 20 95 -32 14 25 33 75 85 59 6 -90 48 31 30 -60 36 -95 20 53 -80
-99 -25 30 -59 -47 -6 -62 -98 75 -3 89 -15 47 -30 -59 -57 -82 -83 -29 1 -68 65 -27 -89 84 53 30 -4 -73 -5 -64 -81 -62 -79 -62 -53 -72 59 -79 -14 -49 60 -30 89 41 27 -10 90 31 67 11 20 56 59 43 -46 -6 -11 16 -49 -25 14 -94 -78
21 53 82 -73 87 -39 49 -26 28 -28 -37 48 -88 -43 -37 -67 88 -76 86 -2 8 6 95 11 -77 -70 -4 44 61 -44 94 48 -79 32 -3 81 -50 -39 -46 90 -25 95 5 3 -87 -44 94 -31 -79 -66 91 81 -5 66 88 14 -36 -99 18 98 21 -87 -34 70
-46 -87 -33 56 -44 29 -99 51 27 -31 39 99 9 50 -89 -98 -45 39 35 -60 38 -15 81 94 23 64 6 -30 -92 -59 48 29 84 56 -35 21 70 -90 -66 -14 -99 -61 -40 55 -93 81 -16 74 -68 9 0 65 12 -11 -1 -78 -32 -35 -73 -46 46 74 -95 90
78 91 33 -25 45 46 59 10 -37 30 13 1 -78 -66 -73 -51 95 35 -53 -93 -71 -73 40 -89 21 37 13 33 -73 -26 -35 51 -88 -72 -84 -83 -62 -56 89 43 50 71 35 -49 -92 24 54 52 18 -37 -25 66 76 68 -50 60 -3 -48 31 -16 -42 40 -1 -92
26 22 -56 59 62 -8 -74 89 -71 72 -48 -66 27 25 72 -51 82 -15 28 -66 -1 -60 -72 52 -1 14 4 -69 62 -37 43 58 27 85 -34 95 7 -65 -91 -52 24 48 -73 -30 -26 49 44 83 8 -25 56 -14 -56 29 -6 4 -41 17 -19 -51 -75 -65 -19 -39
45 48 -67 -85 94 -14 -5 -1 -25 96 -50 -100 49 80 -20 62 39 74 18 -82 -63 -80 6 58 32 -60 57 -86 94 -95 -32 52 -60 75 -71 -29 88 -1 4 12 61 -85 89 63 86 57 96 -15 -38 -67 -54 41 -78 93 -81 33 38 -99 45 11 -72 82 -96 98
-48 25 57 92 -38 89 -93 29 65 -12 -17 26 18 1 -86 38 -1 -4 48 -80 -48 -37 -99 -80 -49 -48 -4 83 -5 96 -31 6 10 -37 -30 -49 -96 98 -38 78 -10 5 -14 -38 -90 0 11 -81 -74 43 67 66 18 -22 -99 31 47 -64 -32 38 -78 1 -9 88
87 -74 57 -18 -19 -84 -93 -49 32 -66 -33 76 24 40 25 -74 60 -29 92 74 -61 -38 56 -7 92 -17 48 -99 91 -67 79 -35 2 -66 69 -58 48 49 0 23 -10 -48 -51 86 -49 85 -98 95 87 36 13 19 98 -91 -38 -3 -12 58 25 -85 -9 19 94 -72
76 52 12 -69 -88 38 -96 -74 -63 17 12 -48 -23 9 5 -23 -60 -59 29 93 27 24 -13 96 61 -32 -97 98 12 -74 -17 -48 37 -97 69 55 -60 -73 28 69 -59 93 32 50 -89 -21 56 81 -67 -29 9 94 43 21 31 -51 7 5 79 45 -99 75 -51 -52
-22 33 -6 -57 -79 -14 -82 13 24 28 81 5 -43 83 -54 -49 -64 -15 96 -27 -63 66 -56 21 83 52 -39 -22 53 96 83 79 -44 -81 -63 -87 -20 75 97 89 -12 76 70 -34 41 15 -16 -93 7 46 -31 19 -95 -31 -9 30 -51 -71 37 55 62 -71 35 -85
52 38 -71 -14 -66 66 -52 73 74 74 44 -63 -22 5 -4 24 75 -82 -54 -97 -59 30 -37 41 -39 -5 -2 -78 -76 -12 -53 48 71 -27 17 -44 -91 -91 61 -92 89 65 -68 -47 -99 1 81 -28 65 -2 -53 -31 66 -69 -57 17 -85 -2 -93 -90 79 -38 26 -55
-98 -20 46 99 -6 -45 18 75 -35 -22 -64 -90 -64 98 11 95 78 -95 99 -30 18 82 -78 12 34 -23 17 98 -85 75 -29 62 -79 1 91 -52 -39 -78 32 15 -20 -52 -19 42 -82 24 83 -50 26 -84 -3 67 -12 14 59 23 18 8 49 9 -88 -11 51 2
43 -77 -60 99 17 -86 39 3 25 93 10 50 -28 66 19 90 -92 58 8 63 6 24 1 83 -70 7 -95 -33 44 -36 30 -73 32 94 30 85 22 92 34 67 -79 -59 -71 82 -66 57 -80 97 -61 42 30 96 -23 65 39 9 -59 -18 42 98 27 61 -52 11
51 85 26 85 -53 -8 64 -38 -11 -98 -1 -43 25 3 68 70 -68 50 -95 -19 -36 95 -67 -1 -77 -71 90 -13 18 3 -60 -41 71 -97 55 96 -15 92 63 -6 62 -4 90 48 -26 -35 -25 -44 -71 -21 68 0 -69 70 -33 82 90 -17 -73 -25 -39 74 -78 -41
-77 50 -8 -54 -86 32 -55 87 -42 27 -34 7 -10 -5 88 -63 76 -81 64 -59 -77 -16 67 11 92 24 -4 -80 -12 86 -91 94 3 43 -11 -43 -94 87 -60 -91 -6 8 41 -54 -9 -88 -61 63 -41 99 -100 -9 -95 -33 -35 12 -46 -83 76 -6 68 -26 -2 4
29 -30 61 67 -10 79 -14 43 -47 35 -35 61 71 -66 -54 -61 -21 71 55 79 47 29 16 -20 73 21 -98 -61 -95 60 -5 -9 45 -96 -84 -11 -39 -49 -33 9 -95 16 76 -84 29 -35 66 55 -15 -53 -61 60 60 49 56 -72 57 -64 38 -28 84 -40 84 -18
74 -30 42 34 -56 -16 3 -64 69 44 93 -31 -59 -83 99 -22 -48 90 0 -38 -16 26 -79 82 19 -97 -5 -65 76 -66 -37 -64 25 52 36 -29 3 65 -12 86 -63 19 62 -53 -20 -97 34 -23 -87 48 81 76 23 -31 11 30 -81 53 2 -100 79 97 18 -91
49 -40 -10 -56 1 9 -21 21 36 -71 -49 79 95 56 55 -84 -66 -56 30 93 29 39 -98 -83 -45 -90 28 21 -78 77 -56 -45 -62 39 -78 41 -85 -73 39 30 -53 -29 97 -27 -67 21 -6 -17 -49 -87 -44 99 41 -51 13 94 7 -61 49 41 12 -82 31 93
-12 36 61 -94 -6 40 -80 1 -28 -71 97 -58 11 82 28 79 45 -10 -60 13 72 1 -82 14 -68 -52 -25 40 -68 36 83 -86 99 8 -24 7 -29 -43 9 -61 53 -4 -38 -15 -61 -59 33 49 -28 46 -11 80 -59 -15 -90 -22 98 -64 12 42 90 29 1 37
-70 88 -34 -50 -76 -14 -89 -58 -61 53 -98 16 99 -47 -11 -32 -54 -21 47 12 -38 -79 18 -64 -14 -6 90 69 20 -68 5 26 -95 97 85 49 -12 -94 93 20 2 -9 -18 -62 -38 9 27 74 66 -51 53 -25 82 54 70 -70 27 58 -72 41 -75 -80 -89 -56
68 7 31 -65 -86 -13 -29 -28 -97 86 9 -23 65 61 -68 -42 -5 67 45 34 60 95 4 -10 95 -96 -41 -70 82 71 63 -36 -14 51 76 28 84 58 51 -100 -84 29 82 55 35 -89 97 -9 95 -69 -74 43 -88 -81 39 89 51 2 98 -33 86 -34 -98 27
-93 90 52 51 -32 24 -86 -10 86 -4 -13 21 62 36 -79 13 0 15 62 -17 -8 -94 83 -71 -68 15 -39 90 -49 -50 0 -44 -38 22 -22 -7 36 38 62 -71 54 -27 40 -69 21 74 66 67 53 -91 -51 -43 -71 -64 0 -2 -1 -50 -59 52 59 36 -68 11
23 47 -51 -71 -77 -81 0 -24 -77 -63 -13 -28 48 -47 -48 -16 -21 1 -85 28 13 33 -77 60 23 -43 -78 -28 -44 63 4 -98 4 -21 68 83 33 21 -18 88 -30 74 -56 45 -38 73 -85 16 21 19 82 -90 30 59 22 -94 34 -21 52 -62 2 -99 30 44
18 7 26 -55 8 -51 -6 90 20 60 -1 -11 -59 -62 6 -79 -85 20 -32 -89 -47 59 -89 -50 -95 55 -33 61 73 -93 -40 72 -17 -88 -62 37 34 -67 -2 95 62 -17 51 63 43 37 42 -100 -78 23 -45 -80 73 50 -78 75 3 65 57 -23 -98 35 -45 -2
75 -75 24 -72 2 43 20 -18 -89 -81 -89 71 -20 -24 -92 -23 -91 99 -13 52 -15 73 10 -67 77 -63 -14 5 87 -12 -87 19 34 42 -56 -100 -77 62 88 -88 -65 -45 41 -58 -57 58 -88 39 78 -91 -67 -64 29 81 -78 88 0 90 68 -56 -70 28 49 -21
-84 -14 -21 64 -15 -2 22 -98 11 70 -41 -39 74 -85 -19 -85 -57 93 -4 57 -29 82 11 17 -37 -60 81 -71 -56 28 -80 79 -97 22 65 -73 68 61 73 48 -47 54 73 42 -9 -8 -81 -86 -34 -96 -34 -54 -58 -60 99 -46 -83 47 -57 -63 -3 -15 98 34
-45 15 77 5 -99 77 14 -2 -27 87 -12 60 -37 75 -97 11 30 -100 -66 22 24 12 -6 -12 64 -84 28 -64 -88 -30 -95 83 -86 -53 -40 92 75 -42 76 71 -1 -37 43 27 -72 72 40 77 -25 77 46 83 83 44 49 11 1 48 -62 90 -87 -62 -17 52
60 78 -88 -26 -94 20 -60 30 46 -37 -90 -77 -27 49 -36 -33 -26 62 -87 42 62 -84 -17 -84 -87 38 -72 14 -71 -15 -78 59 -84 -41 21 -7 -56 -44 -23 -94 29 -15 38 -27 55 -93 91 53 -37 -55 67 -72 -92 35 -62 39 14 -71 -32 74 -61 50 -62 77
-97 94 -58 68 -67 49 -68 70 32 -84 -48 -26 -26 -84 -79 10 -77 -28 70 -85 -35 -19 -1 64 38 8 70 -57 -30 79 1 -60 44 54 34 -44 27 46 69 -49 27 56 -6 76 -3 95 -15 49 9 80 74 21 10 -4 -42 -39 -16 58 56 5 -53 22 9 8
-80 39 -58 -29 43 74 -41 14 38 -3 -78 7 -68 43 55 3 -71 84 26 46 -67 -66 -77 -8 -91 60 -19 3 -6 98 15 70 74 88 31 -53 -18 10 -83 -24 -37 -56 -47 -45 53 23 -14 60 -25 -83 -72 -36 81 50 -13 -49 -34 -61 -1 -49 -24 97 -94 -90
67 -52 66 55 -19 99 93 84 36 95 59 93 70 92 26 -51 -99 -86 -56 -39 38 47 -57 66 -99 -31 87 77 -95 -64 -73 -89 -19 -19 -52 71 -69 26 11 31 -50 61 -85 -39 -43 80 -35 -25 58 -45 -43 -71 64 -30 45 -59 -6 20 15 36 -16 69 62 -82
-25 -71 97 87 -66 30 -42 -65 20 -55 91 89 22 26 -66 99 -35 49 -21 4 -17 -53 21 -41 49 58 -34 -43 -92 -61 54 -52 92 -74 83 84 17 78 24 -46 0 65 -100 82 32 56 59 82 -51 -29 11 -38 -87 -15 -57 -76 41 97 6 -50 10 88 89 -56
-92 -37 -91 -61 89 79 -11 -36 -44 -68 92 -59 -13 -84 -34 57 16 -47 -57 52 59 16 -62 -37 3 0 5 56 63 -89 -83 -5 44 -4 -53 97 -43 -42 65 76 -23 71 0 49 -55 -46 -73 -24 -13 19 -77 93 -55 -14 -49 67 -28 -76 9 52 -74 66 34 -17
-85 -86 -82 87 -15 -29 86 13 -54 99 -64 -8 91 -52 64 86 75 -26 -46 12 -100 3 -40 92 -17 28 58 -94 44 -75 -98 -97 -60 -52 -74 83 2 76 -58 -73 -43 51 37 44 66 -7 2 66 -83 40 -39 37 -2 -71 43 7 -96 15 57 77 -4 84 33 17
-7 -67 -58 -75 71 -50 75 76 -19 -48 -42 89 -62 27 -31 14 49 -53 94 -64 39 27 89 -11 -62 -60 98 70 94 -78 -88 66 -91 27 -65 -19 90 63 12 -58 -15 46 20 4 24 17 -49 78 44 68 88 -93 -11 48 -38 -31 -42 54 31 42 31 -1 -28 -73
38 66 57 66 63 -12 -41 6 96 68 4 85 -32 -14 89 -57 84 6 69 -79 65 -16 -81 32 -97 -94 80 49 -20 -77 26 -75 53 -20 74 5 5 -20 39 -31 25 -30 -2 -73 61 97 -67 -36 -6 35 14 -87 69 55 70 62 19 97 -80 -46 -56 48 -62 -8
2 57 51 51 -97 -14 -21 22 -73 98 91 -48 15 -13 -55 -49 -79 -16 59 20 -22 -44 95 41 -49 74 -8 -19 -49 34 -44 77 13 53 83 -51 -70 -77 51 -27 -76 15 -80 -17 -12 -57 49 6 64 -22 56 74 -23 -51 7 -7 88 -16 75 -85 -92 54 81 2
51 -41 82 54 -93 -14 64 14 69 -22 63 81 59 -63 34 3 54 24 -19 -57 -53 11 -32 -17 -48 -26 -90 -43 95 50 -99 -21 -79 6 2 95 8 28 -2 -55 -36 60 89 14 -54 -95 5 -75 -17 47 -8 -79 0 23 -51 -33 44 -60 65 27 -86 37 63 -40
-79 -64 -67 -11 -71 -28 96 47 29 -70 48 -8 -13 82 83 51 84 -18 -61 -32 66 16 50 81 -69 -72 61 -81 91 63 3 56 -46 -89 23 -86 94 81 3 4 17 74 21 42 -43 -19 -37 -14 64 -93 -81 4 -72 66 60 -3 -6 -16 -64 -98 -78 14 -79 -11
73 74 71 16 -84 80 -43 72 -15 72 -89 38 -53 24 -94 -51 79 35 85 46 -91 38 73 -85 19 53 72 -28 -29 69 7 7 95 -36 -50 -20 -88 -80 24 -93 -93 -75 95 -21 83 24 1 -96 -33 -52 -94 0 8 -23 -49 12 35 -67 62 -38 22 9 -80 39
49 -20 98 44 60 2 -8 31 -56 24 -86 -85 -96 -80 58 -50 -74 87 73 -96 86 -45 41 -65 14 70 31 86 73 -28 -87 -91 86 90 50 69 13 43 -94 -44 -41 -16 19 -71 -19 -50 -33 -51 47 90 55 16 -97 -37 -63 -44 7 13 7 -48 -11 60 10 -7
31 -4 15 45 -41 -4 61 -41 90 -88 -31 -37 -4 93 94 18 90 -24 -86 -44 2 58 93 -39 -62 -91 -58 6 -4 -6 33 -72 -13 -53 -83 70 -69 16 39 -100 -39 -64 75 96 60 -60 -64 55 -83 -11 -46 98 48 -49 90 -97 48 58 -21 43 37 22 80 -27
-7 0 70 -47 -30 85 -1 96 -48 -24 96 75 91 34 23 -67 -31 78 36 7 10 59 -50 94 -14 -88 -22 -45 -39 75 50 19 -73 -65 -80 90 -64 75 16 44 -84 -23 -16 90 37 47 67 -75 0 43 -68 -64 4 -10 99 -44 -47 -76 84 -63 -21 -26 20 47
61 15 20 -27 -32 71 69 -10 -51 -24 81 4 -55 13 -34 -3 51 -84 -63 -41 -30 97 -19 18 92 47 -55 -59 -40 86 72 38 66 2 67 -41 -4 -64 85 -45 3 32 -39 32 93 8 57 -64 87 0 -79 -30 17 62 -76 -40 -68 89 -14 -23 -20 29 -29 -67
68 15 -16 86 -99 -64 21 4 -45 -2 -72 68 -45 81 13 -61 70 -38 42 -83 2 -53 52 -89 78 -93 -71 67 -80 31 88 44 -50 47 55 -62 -73 2 9 -32 -73 -50 -35 64 30 41 0 47 94 -37 -96 97 -28 84 52 0 -42 62 -39 49 -85 -65 -17 -90
-90 -73 -98 -41 -56 53 -56 21 50 60 -80 58 -84 79 75 25 -38 50 -39 97 46 20 -15 -52 12 -82 -42 30 54 56 25 9 63 -69 -72 24 -46 -35 -78 93 83 -80 -38 51 28 58 41 -96 16 -6 -20 -21 -47 -85 -46 -83 -66 -9 -47 91 -74 85 74 -83
-99 46 -11 47 59 -13 -71 -47 78 -81 70 -61 -22 41 -55 -40 20 -24 -57 -70 16 -23 16 7 -33 -50 58 35 20 51 4 -80 -9 81 -64 56 65 14 -19 -80 -97 69 -20 89 -4 72 34 -51 86 -75 13 -56 -8 -35 -56 4 42 65 33 -1 -25 -79 84 68
-67 32 -9 -99 -50 -97 -83 45 3 77 -18 -35 4 6 -48 -5 55 -93 -67 -30 -44 -73 46 -23 -26 -86 -93 97 76 62 -2 90 -32 93 -13 23 -32 44 30 -74 22 73 -37 11 -63 -4 -3 -79 -72 -40 92 97 34 -1 28 -78 -99 -75 51 -68 4 -58 -70 -50
28 -79 45 72 17 -24 -37 -17 66 -14 -95 -23 -78 18 18 36 -54 -13 29 0 -3 42 -96 63 -20 -21 93 -55 36 92 85 59 43 -54 -91 -31 46 58 46 -20 26 -36 28 95 97 57 -31 -33 -83 85 -11 25 88 -57 -32 -2 -76 63 95 20 89 -91 66 -66
97 -67 -70 24 -83 -9 87 -3 -60 57 -11 -87 86 -64 -88 -53 0 -57 -64 -63 -86 -45 -1 95 2 -31 -31 -65 26 -88 -95 -93 29 0 98 -100 -84 -21 7 52 14 -67 -77 -33 -77 -2 66 -53 -69 70 7 -96 -19 91 -66 -62 74 40 -51 68 -4 51 -65 82
94 73 -74 31 -85 -46 -67 -28 88 63 -57 -85 27 39 -90 61 -93 91 25 -60 81 -29 -24 28 88 -25 -90 -51 42 62 -80 -49 62 7 -18 88 -18 47 -63 -83 -48 -62 81 -90 23 86 -63 -60 -88 79 49 1 -77 -88 -39 -73 20 78 -57 65 -60 74 29 49
-24 -58 72 91 43 98 23 -50 -84 -52 88 33 15 32 50 78 98 -56 -11 -85 27 74 -27 56 67 -41 -30 -92 -95 62 65 62 -44 -82 74 -20 -7 35 -30 61 26 -92 77 -31 -84 -84 20 -52 17 74 61 -14 54 54 6 -58 92 80 17 87 -63 -38 -58 -7
54 -61 19 26 56 86 17 38 -67 32 18 -66 11 54 -15 -19 99 16 97 22 -6 -70 80 -87 -89 -39 -64 73 19 16 8 -37 -40 84 27 -97 -1 50 4 -11 7 -45 85 56 -7 21 0 7 -19 22 99 35 4 -47 4 51 41 25 -28 7 -35 -11 28 78
-45 72 87 -5 -11 18 -36 -84 -94 16 51 4 25 83 43 -66 88 29 52 -21 92 94 -9 -19 88 -96 -14 -47 -78 18 5 -64 -84 69 93 -30 -92 -60 -44 -69 -4 -26 -67 61 73 75 63 88 65 -98 -22 -61 52 36 -77 -76 -9 -18 -73 -2 -85 -78 59 -14
-28 -40 -77 -7 -89 43 -38 -62 14 -9 89 59 72 -60 83 -7 52 -81 47 -27 55 19 63 -6 -83 1 -53 11 49 -42 -45 -65 11 52 -23 -11 40 -99 20 -54 -10 52 -38 -48 -44 -100 -47 9 18 -90 -68 5 78 -68 21 -59 -2 -89 -23 41 -47 28 76 15
28 43 -45 -37 83 -45 15 46 9 43 74 48 -73 99 -51 12 -59 43 20 -39 -3 59 -30 -50 -72 -36 -54 -27 84 -68 57 85 -63 32 95 -36 87 82 -79 31 33 74 77 85 -18 74 29 -65 34 65 69 -33 -80 73 -95 91 4 73 49 31 72 79 52 -7
23 -16 50 -100 -85 10 86 69 -34 57 43 -39 84 93 -71 -53 29 -14 -86 -19 -29 77 -38 11 17 4 71 -70 -81 42 69 -10 46 39 28 5 65 -7 -27 24 -28 -70 10 -90 -14 -67 -79 90 -96 18 28 91 -69 -97 -18 86 -3 34 -45 82 49 -39 -58 -20
-2 79 -31 -44 -80 -76 -47 32 45 -71 -18 -66 -91 -84 9 -37 65 -36 -72 52 -79 50 -79 13 1 44 25 46 7 6 -40 41 -94 -63 -19 35 72 -90 -62 -84 19 -81 -30 77 57 -16 -15 58 -27 53 35 80 -62 84 -81 61 -39 74 54 35 3 78 -57 -26
89 62 24 -51 72 84 72 64 44 -35 88 -44 -1 35 -71 -57 30 33 -22 89 42 78 12 -31 -26 -80 -15 65 -81 -33 -31 -79 59 30 39 92 47 81 74 -50 98 -42 -98 -60 89 -96 -39 95 -99 -99 -44 -16 -7 -96 98 87 41 -12 -98 -36 -51 -41 -50 20
80 -91 -66 66 -40 -48 23 -97 -44 92 21 -24 -62 -7 42 -12 99 96 -52 1 -66 -16 -52 -21 65 -10 52 18 -96 92 60 -87 -28 71 19 41 -79 -66 0 -67 9 -14 -55 68 -58 -48 28 28 12 -63 -39 -100 -68 78 74 69 91 98 -86 80 -43 64 10 -87
-36 50 83 -27 -52 71 -25 0 -73 64 -39 7 51 13 -31 -67 -12 -93 -48 1 -42 -70 39 -64 -5 -60 -84 -76 41 -15 -22 3 0 64 -68 74 -23 81 -52 -61 -19 -27 86 -53 -4 -29 62 -30 58 -6 -27 83 -69 -39 27 60 33 55 14 42 -97 -11 -18 -93
96 -31 -30 -81 -73 75 -63 29 8 66 64 34 -38 11 53 41 -81 77 -13 -86 -4 14 51 26 28 -10 -95 -96 -3 89 -92 -11 -60 75 35 22 6 -74 20 18 29 -78 14 87 -92 -3 89 18 -33 -34 -75 52 64 -52 23 -37 16 50 99 58 34 78 -12 21
-49 12 76 42 76 90 18 -9 -84 -77 -79 -79 -51 -5 19 -78 -29 84 -10 78 0 81 64 44 -66 -100 43 83 -17 94 -73 -14 -18 35 90 57 62 70 43 97 -91 79 -16 -70 -31 64 -56 -36 7 13 20 94 56 85 69 37 -31 14 88 -6 -85 20 76 -57
78 -4 -92 75 14 -57 79 -81 -13 -96 10 -86 -97 77 25 27 37 74 94 56 -43 -72 -77 93 -58 -24 -90 94 -92 -57 63 -68 76 -53 20 1 18 -81 28 94 77 -61 63 -44 56 11 -72 1 -63 -31 -13 -28 41 72 -35 5 -42 29 -18 80 -9 62 69 -62
61 12 66 55 -42 -31 -6 -12 -67 -71 -45 -49 80 75 -73 -35 -19 70 83 -62 39 -88 -99 93 95 76 93 -10 -58 41 -48 96 76 93 -38 32 -76 87 24 18 43 49 -6 -14 -5 89 59 27 -34 -49 -69 31 -82 73 -33 -40 -56 -68 -80 15 -59 16 26 -46
69 34 91 25 78 15 -100 20 1 -25 -19 -34 64 -79 -76 3 -4 -19 52 50 -39 -47 -51 85 8 20 46 -55 64 54 90 -18 -94 38 -72 -14 -39 6 -25 77 -75 17 51 93 -87 -37 -64 -46 -92 -42 -2 -96 -92 -83 40 71 -63 -76 34 77 35 57 99 -71
17 -77 -72 -55 56 48 62 -14 -77 84 -27 -5 -87 68 25 -28 -44 1 60 58 -62 -58 -42 -58 25 -11 -56 -36 23 -78 95 36 -89 40 57 71 0 -70 -24 -15 12 -81 91 -95 -6 -75 -11 12 -62 84 24 18 -91 -91 -88 89 -48 -28 -93 23 91 -59 -16 95
-80 33 -23 -6 41 -38 -79 -81 81 -33 -73 85 -75 95 97 -23 -24 25 -15 76 41 -52 11 69 -27 -62 -59 -14 94 64 -40 -45 15 53 75 -34 -44 -58 -71 68 -86 -96 16 -88 36 92 -62 55 -52 -78 -3 99 53 33 -66 53 -33 18 27 2 28 2 -17 86
50 20 -49 80 4 -20 -46 15 53 10 11 -2 -9 -86 -74 -99 -33 44 -15 -28 -49 24 40 -83 -79 0 25 -7 31 -18 -92 -13 77 -64 -52 -68 -56 -39 2 -29 -80 -2 23 -26 10 23 49 71 -92 -33 -93 84 61 -38 -66 -3 79 -14 46 56 28 -40 57 45
93 46 -66 -59 94 66 -70 -57 -20 83 20 -85 -53 -24 72 -90 -9 -39 -48 73 -81 13 83 80 -67 89 74 -85 30 69 51 45 48 55 -61 -86 39 -56 79 -39 -42 -86 68 23 11 -87 -11 84 12 29 8 18 2 60 76 55 61 -14 34 28 86 -68 82 -72
-98 -15 35 58 -3 -73 -33 -53 -88 -56 31 -52 -63 78 -76 -37 20 -7 -35 73 -80 -49 -59 9 26 -87 -86 -64 77 14 45 5 -75 93 68 52 26 -100 24 38 -56 57 -86 -25 17 9 84 61 47 33 72 -32 47 -11 -89 -29 -86 -79 -65 70 -30 33 -92 12
57 31 45 -43 90 21 -14 -43 -28 45 60 42 -34 -34 -41 -85 90 76 -49 -61 10 79 34 -87 -72 -27 -27 2 -90 11 -54 22 -90 58 -37 -16 -37 88 -68 37 -55 -70 -7 30 49 12 -25 22 -62 30 46 -74 25 -80 39 -2 29 95 26 -52 -24 -15 13 1