16
-47 -67 47 34 -98 -59 -84 -91 26 73 -37 -4 -87 -89 32 60
-54 14 9 40 27 -6 -4 -60 38 -2 -39 -61 29 6 49 -75
6 -84 -17 5 64 -12 81 22 18 6 29 63 83 87 -67 14
44 -82 97 14 -89 -52 85 -65 6 -68 34 -4 -60 18 50 -58
-29 -20 5 16 83 71 29 37 47 -18 31 -36 96 41 26 1
-97 46 9 -38 -11 -20 95 -75 90 -80 98 78 -44 -73 10 -32
-27 -38 21 57 34 -4 -74 34 -53 -81 37 -20 2 -8 38 -90
64 71 41 25 72 -70 82 55 20 -59 57 -65 -57 91 4 60
-49 13 66 64 92 89 -59 -100 81 -26 -62 95 -36 69 -76 78
-44 14 -78 26 42 14 -40 87 28 3 -46 5 -47 -5 5 -5
15 -26 -74 96 92 24 -25 66 94 34 93 82 22 55 13 -60
63 44 64 74 34 88 61 -32 26 59 34 -66 16 22 46 -58
31 4 11 -26 -77 -86 40 95 -76 61 12 52 -95 -12 -1 -72
-51 -68 58 20 57 -46 -63 36 43 -25 54 -54 -24 74 41 -14
73 64 80 -42 -14 39 91 -82 60 78 90 46 98 3 -17 25
-79 -43 23 -35 75 -80 15 87 -96 -58 44 60 -13 45 52 -94
-82 39 14 78 91 39 -94 -77 48 12 -5 80 -46 33 -35 -38
-41 57 6 15 -65 12 -95 85 -34 -54 -80 -39 44 -56 5 -2
-13 -82 38 -83 11 -60 14 92 52 -15 -93 38 60 -44 -10 70
79 30 30 88 -64 30 -48 -71 -99 80 -55 -82 -22 66 58 -48
-53 25 -3 44 83 44 75 -9 59 54 -3 16 51 -12 -65 -22
-44 -8 -7 -29 65 60 38 59 -73 -87 37 -46 95 12 18 -25
-49 93 79 90 61 62 -88 3 -61 2 -28 -84 73 -64 -47 -34
-3 79 16 26 70 35 46 -76 92 -97 -67 61 60 -34 12 -31
-64 -3 -12 86 16 98 -11 21 -48 -21 52 90 -100 90 -29 -37
56 -3 42 -53 -17 -60 -46 95 9 64 0 74 45 13 -4 -48
-31 -72 -34 41 90 86 -59 -18 -93 -6 14 35 93 -28 22 -2
10 31 83 -36 -96 76 -1 23 34 84 94 -12 -92 -88 -67 -60
41 25 73 -28 94 70 -45 56 -30 53 74 -64 22 -64 47 -100
-23 92 -77 -97 22 -34 76 55 -95 87 74 -73 41 -80 1 64
-86 50 -98 -11 -34 -58 -1 85 -81 -47 23 60 -78 8 -68 49
-15 26 61 90 94 -83 -4 99 21 52 -39 -41 54 61 66 -49