32
76 58 6 16 89 79 -61 -11 -88 -32 27 78 -81 41 0 5 -22 -36 36 -63 -56 -40 -74 2 8 -10 99 24 44 -98 5 -35
-9 -6 53 -62 72 -29 -47 19 37 -79 -81 69 83 -100 -56 -55 25 -28 88 89 49 -85 -16 68 32 74 10 37 72 45 -46 -93
19 -77 -54 26 10 76 -71 -14 54 73 8 -3 6 30 8 -86 63 -72 -39 35 -65 71 -42 28 80 3 89 1 -6 1 11 3
80 14 -80 68 98 -35 6 36 91 59 7 20 45 28 -66 86 -54 -31 47 16 2 -69 -39 92 69 -39 54 -35 -31 -5 90 -39
-23 -5 -47 -84 85 -18 48 -78 -19 60 23 -86 -85 -14 43 -46 55 90 45 14 -97 48 93 -14 77 30 90 25 22 84 59 69
-95 64 -98 -42 90 -85 -15 -74 -19 26 -92 49 -90 77 -7 -33 33 85 -85 48 -12 -78 13 92 83 45 16 -68 84 -34 -86 57
1 56 83 27 61 -89 5 31 -63 -48 54 17 -25 -14 -26 13 -36 -69 86 -89 -19 -60 -54 49 -44 95 -96 -60 96 33 6 5
-49 52 -95 -27 88 48 -11 -58 -95 4 34 -86 33 -8 -33 -47 1 28 -82 -37 -74 -23 -50 -3 -96 68 -43 -85 -44 80 -82 -99
45 42 -46 76 -40 -45 0 -40 17 95 -96 61 -43 95 39 7 47 86 7 -31 -37 33 32 78 -39 55 18 84 -84 62 -10 55
84 39 -76 -89 -18 77 27 -96 -4 -94 -56 -8 -9 3 99 -12 87 63 -58 -7 -26 -73 -93 -20 -68 -1 -49 38 33 98 -100 -45
-70 42 2 66 31 -2 -29 81 -74 -33 55 72 29 -38 99 -14 -35 -50 -84 -63 62 49 21 -65 -15 -4 57 -9 68 -72 86 -22
-85 47 -99 -95 70 6 82 -91 69 -21 3 -16 -65 35 83 -95 13 13 -19 -66 89 -58 5 -34 92 46 -57 75 31 22 26 -52
93 -90 -58 -13 -91 -85 55 -10 -69 -13 -83 52 -84 35 93 42 -66 78 -40 -15 65 -42 -3 -16 -76 49 45 -99 -17 -67 -36 -53
-51 62 -14 -71 14 -66 -39 32 -18 12 35 22 -50 -92 -80 -71 -68 70 0 53 -21 -58 2 -64 -10 60 0 -43 85 -94 85 -25
-51 68 20 -75 -29 -16 44 20 20 -82 94 90 53 -38 -99 13 88 -1 -17 1 90 -17 -89 1 32 -14 60 64 92 -67 -56 59
-52 43 -14 -91 -5 68 -46 37 -9 -56 -17 -23 10 -51 -23 -12 -7 0 -15 -11 59 3 -43 35 68 -59 -29 79 -90 60 -58 12
44 -86 68 -29 92 89 40 -61 56 73 33 62 -58 -2 -9 -11 29 19 -19 -95 -59 5 39 75 80 37 87 47 -16 -57 53 43
82 -71 24 25 70 -79 89 78 -93 65 -35 -40 -65 -5 41 15 94 -50 6 65 13 -38 79 78 -38 45 -57 7 -45 55 0 17
12 26 -34 -79 0 -73 -88 67 -63 -77 83 -55 -90 14 83 22 -12 25 -41 -51 67 -32 39 -77 -91 87 77 41 -43 -57 81 -38
88 41 -3 17 -71 -74 -11 11 53 28 -76 34 -52 -1 -22 54 38 50 66 -7 -58 25 -14 55 59 -9 98 -18 -38 -68 49 35
-69 -27 93 -13 36 16 -48 -27 -52 -96 -51 -86 63 99 0 28 -20 94 -15 29 -85 90 4 -14 -12 88 6 -35 -18 86 37 -78
25 94 32 94 49 37 -70 98 16 51 93 -82 27 41 -17 -30 88 25 -36 -23 -71 -31 -39 39 51 65 -35 30 -84 7 -69 -92
80 -85 -16 -98 -97 97 -68 -15 -80 18 -46 57 42 -31 -73 96 -43 -100 51 -14 87 63 -78 -56 -27 62 -76 -25 52 -99 4 -23
31 -4 -62 40 53 -64 93 -90 8 -73 45 93 66 -75 45 -48 -73 -1 -52 22 -14 -44 11 89 93 27 82 61 10 76 -12 -20
95 12 -11 25 31 -55 -42 96 -16 48 87 74 -17 -25 68 -7 -31 -83 -76 -85 -100 66 -70 16 56 -89 17 -33 -56 -96 0 37
78 63 69 -82 64 40 24 38 22 26 -46 -92 30 -4 -4 22 11 99 -31 42 20 -68 -82 -37 -43 -79 48 -14 -8 24 -78 2
-74 35 -72 49 -72 -26 -71 72 -68 -45 68 -10 69 -96 99 70 -82 29 5 72 -64 -36 -30 70 -70 19 63 87 -28 0 27 -29
-68 17 -27 -24 65 -90 89 -2 -17 -95 46 87 -90 -62 -30 -63 -74 65 -58 -40 -20 34 99 17 -7 74 -18 12 -70 28 54 40
-10 -38 -55 -94 -63 39 -8 -46 -35 92 -5 56 87 -10 26 -31 -86 -68 -14 -21 3 -79 48 -72 -62 60 84 34 -58 91 -65 -83
-97 -2 55 -43 48 51 -70 -65 -89 -89 58 34 80 -15 60 99 -56 55 0 21 20 3 61 -86 78 -92 -24 -43 -39 -34 -26 -20
-68 -7 -33 76 -7 49 -3 -32 59 5 9 57 -12 -83 43 -71 32 -54 -95 -71 89 3 88 71 33 5 9 -30 -87 81 71 -13
6 -32 29 3 -22 -76 -79 -68 74 -8 97 -57 54 -75 -26 62 -18 48 -52 95 52 -19 58 -69 -21 -54 -45 -48 51 21 1 35
-24 -45 -41 88 -23 -31 -43 30 -88 41 -56 19 38 28 -15 91 67 15 1 96 -81 -18 -13 -50 -65 -71 -77 22 -51 85 -60 -29
-82 -84 -25 -41 -55 -50 25 -87 -57 97 90 98 41 -94 90 33 -45 55 -75 -15 -96 -75 -54 64 -93 13 -69 -54 -48 90 41 50
88 -97 -19 32 77 26 -100 51 -91 -45 -13 -87 -22 -70 -13 9 92 -84 -27 35 -89 -52 74 83 82 13 -72 -11 77 33 60 46
-71 68 -3 83 -79 -84 50 -45 -49 -13 46 -14 -99 45 -88 -15 -68 -77 53 -71 73 6 41 -63 70 51 60 17 -44 -11 38 10
-75 -68 44 60 -60 -82 -73 47 70 -85 -68 -35 -23 -100 -61 -50 13 67 33 -3 -66 -91 -35 -27 -6 -44 -3 52 42 76 20 81
-96 90 76 -50 -82 -19 -96 -14 47 39 -91 -3 -96 31 -70 -44 94 -58 -100 -89 87 22 -26 -96 35 -84 98 74 51 56 36 -55
-4 -20 -36 96 29 18 69 39 12 -90 38 -41 -8 90 -60 1 -73 -68 -33 26 61 4 20 5 23 -24 33 76 66 -6 -70 -55
36 93 -71 -40 -59 83 56 -100 56 54 17 -65 82 -68 70 -37 92 49 -68 -33 55 2 -54 -42 80 -9 56 -34 80 -37 31 38
17 36 23 -58 -19 -19 -58 -34 -97 -47 82 -55 -78 -62 -39 -17 74 24 -14 73 -73 -100 -2 -45 -88 21 -78 -81 1 1 85 9
1 44 65 43 -54 -55 -16 57 28 62 -48 -78 -11 4 -45 -98 -2 39 -30 87 27 9 -12 37 -48 -12 60 -15 95 -82 29 -73
67 -55 22 -17 -39 -50 6 -12 20 92 21 -57 -36 -33 93 -54 0 -83 -16 96 85 10 -87 99 -49 -29 -9 -63 88 -48 18 57
-81 -30 41 -36 -4 83 39 -8 2 -72 6 -95 55 92 -37 58 66 -36 47 -75 -51 -49 14 -70 22 -42 2 -23 -86 74 -98 18
-58 17 -64 91 21 -37 15 -9 -99 11 43 53 -29 -1 8 84 -95 49 -2 -28 -35 88 93 -85 -69 46 64 89 -89 -53 -45 -9
-94 -38 -84 32 21 9 98 -81 -41 -42 29 -38 -56 44 75 7 86 -52 64 -95 20 -16 78 -19 42 93 1 43 75 -68 45 -16
-81 27 -27 -62 54 -41 80 95 -93 41 23 -42 5 -46 15 35 8 -73 59 -2 24 44 33 -7 -95 14 -84 46 -46 -59 71 -65
33 -15 -89 5 -35 39 18 41 -23 -92 88 6 -92 -93 -60 -70 -59 -15 47 -75 47 -81 30 1 -97 -63 57 49 -2 -50 31 77
-99 28 31 95 -52 -18 -77 -39 -27 -38 -14 31 99 63 -83 -5 97 -64 50 0 -92 -57 53 -62 -60 -4 -64 96 -42 -52 -48 -57
79 80 63 -5 -47 98 98 54 -12 -14 -75 98 -54 -56 -73 -90 -36 -49 2 67 4 31 -27 -32 -12 -13 -94 -69 -65 -50 67 30
-17 -45 -50 -58 -50 -9 -69 94 -31 14 -45 42 6 68 62 14 85 -56 -37 41 5 18 -46 79 75 68 -25 49 77 47 42 -95
91 -25 80 -23 40 -71 -69 50 -64 61 11 -55 -43 31 -19 44 90 8 -28 99 -16 60 -79 -64 -70 -94 80 1 -70 -81 51 -33
2 29 -29 -27 14 64 16 -44 51 98 11 64 -38 34 7 -88 -27 -92 -44 -78 5 71 74 -26 76 77 6 -54 33 -12 -93 54
-63 88 2 93 -32 98 58 32 -67 71 2 10 99 69 81 -52 20 11 92 -16 -41 22 51 -56 -31 -80 -42 54 -28 24 31 -94
97 -34 -5 -94 -39 5 67 62 24 -15 -49 -22 35 -50 -33 -21 -3 81 7 93 51 82 -55 -86 -5 36 -18 -38 74 1 88 71
65 -65 52 -42 -72 -2 32 10 11 24 -3 21 -55 -9 97 64 -30 -88 46 -15 -66 12 -37 -86 -93 35 30 73 -42 8 56 68
64 -17 33 -18 37 -51 11 95 90 -75 -58 -17 90 -60 77 83 -8 18 -29 -41 98 13 -54 34 -78 -61 88 -85 -70 -1 -43 -8
58 -67 94 -32 -93 58 68 -86 85 8 -5 73 38 -39 41 -35 30 -30 -74 -27 -96 14 -68 -31 63 33 -57 -63 38 4 34 -20
-89 2 67 77 64 -29 65 10 13 47 -26 96 -62 64 46 -23 -55 -18 38 -18 71 19 -34 17 -53 -37 3 -29 -33 -15 -25 -85
-11 12 92 6 54 -52 99 99 -96 -2 -53 -66 46 -12 -70 59 -78 -47 83 -69 11 -98 -30 -73 32 86 -32 -74 -16 -60 -8 -14
16 59 -96 6 2 87 -6 -62 67 -29 -74 66 95 -69 11 5 -50 -50 -14 -8 18 48 53 -3 -91 74 -50 -50 -55 61 -54 -98
-21 16 -38 -53 27 -13 38 49 8 58 16 -45 -77 -69 39 -98 -48 -51 -13 61 -100 50 79 18 42 -41 46 27 -63 -59 -73 -52
82 -92 34 32 -99 68 -30 93 -2 9 10 71 -60 99 -3 9 -34 20 41 91 68 51 75 73 -40 37 -45 33 -23 30 75 93
-47 -88 30 -34 -42 -55 26 87 88 -47 33 -27 60 99 -45 97 -29 -32 83 91 72 -61 -95 -18 -96 15 52 40 -34 -60 64 -45